	(1)	(2)	(3)	(4)	(5)	(6)	(7)	(8)	(9)	(10)	(11)	(12)	(13)	(14)	(15)	(16)	(17)	(18)	(19)	(20)	(21)	(22)
VARIABLES	With Additional Controls	With Additional Controls	With Additional Controls	With Additional Controls	With Additional Controls	With Additional Controls	With Additional Controls	With Additional Controls	With Additional Controls	With Additional Controls	With Additional Controls	With Additional Controls	With Additional Controls	With Additional Controls	With Additional Controls	With Additional Controls	With Additional Controls	With Additional Controls	With Additional Controls	With Additional Controls	With Additional Controls	With Additional Controls
																						
treatment	1,129	360.1	0.166***	0.0784***	1,129	360.1	0.166***	0.0784***	1,129	360.1	0.166***	0.0784***	1,129	360.1	0.166***	0.0784***	1,129	360.1	0.166***	0.0784***	1,700***	1,202***
	(810.1)	(430.6)	(0.00858)	(0.00919)	(810.1)	(430.6)	(0.00858)	(0.00919)	(810.1)	(430.6)	(0.00858)	(0.00919)	(810.1)	(430.6)	(0.00858)	(0.00919)	(810.1)	(430.6)	(0.00858)	(0.00919)	(105.5)	(169.6)
area_pop_base	0.964	-0.258	-6.91e-06	-5.37e-05*	0.964	-0.258	-6.91e-06	-5.37e-05*	0.964	-0.258	-6.91e-06	-5.37e-05*	0.964	-0.258	-6.91e-06	-5.37e-05*	0.964	-0.258	-6.91e-06	-5.37e-05*	0.208	-0.145
	(2.760)	(1.468)	(2.93e-05)	(3.13e-05)	(2.760)	(1.468)	(2.93e-05)	(3.13e-05)	(2.760)	(1.468)	(2.93e-05)	(3.13e-05)	(2.760)	(1.468)	(2.93e-05)	(3.13e-05)	(2.760)	(1.468)	(2.93e-05)	(3.13e-05)	(0.359)	(0.578)
area_debt_total_base	0.0797***	0.00989	1.24e-06***	3.81e-07**	0.0797***	0.00989	1.24e-06***	3.81e-07**	0.0797***	0.00989	1.24e-06***	3.81e-07**	0.0797***	0.00989	1.24e-06***	3.81e-07**	0.0797***	0.00989	1.24e-06***	3.81e-07**	0.0155***	0.00680**
	(0.0147)	(0.00761)	(1.52e-07)	(1.63e-07)	(0.0147)	(0.00761)	(1.52e-07)	(1.63e-07)	(0.0147)	(0.00761)	(1.52e-07)	(1.63e-07)	(0.0147)	(0.00761)	(1.52e-07)	(1.63e-07)	(0.0147)	(0.00761)	(1.52e-07)	(1.63e-07)	(0.00193)	(0.00300)
area_business_total_base	79.18	34.59	-0.00259***	-0.00272***	79.18	34.59	-0.00259***	-0.00272***	79.18	34.59	-0.00259***	-0.00272***	79.18	34.59	-0.00259***	-0.00272***	79.18	34.59	-0.00259***	-0.00272***	-27.87***	-51.73***
	(83.15)	(44.23)	(0.000881)	(0.000944)	(83.15)	(44.23)	(0.000881)	(0.000944)	(83.15)	(44.23)	(0.000881)	(0.000944)	(83.15)	(44.23)	(0.000881)	(0.000944)	(83.15)	(44.23)	(0.000881)	(0.000944)	(10.75)	(17.44)
adults_1	2,773	1,160	0.0235	0.0398*	2,773	1,160	0.0235	0.0398*	2,773	1,160	0.0235	0.0398*	2,773	1,160	0.0235	0.0398*	2,773	1,160	0.0235	0.0398*	211.1	
	(2,062)	(1,106)	(0.0220)	(0.0237)	(2,062)	(1,106)	(0.0220)	(0.0237)	(2,062)	(1,106)	(0.0220)	(0.0237)	(2,062)	(1,106)	(0.0220)	(0.0237)	(2,062)	(1,106)	(0.0220)	(0.0237)	(265.4)	
adults_2	1,343	477.3	-0.0133	-0.0312*	1,343	477.3	-0.0133	-0.0312*	1,343	477.3	-0.0133	-0.0312*	1,343	477.3	-0.0133	-0.0312*	1,343	477.3	-0.0133	-0.0312*		185.2**
	(1,490)	(785.5)	(0.0157)	(0.0168)	(1,490)	(785.5)	(0.0157)	(0.0168)	(1,490)	(785.5)	(0.0157)	(0.0168)	(1,490)	(785.5)	(0.0157)	(0.0168)	(1,490)	(785.5)	(0.0157)	(0.0168)		(86.39)
children_1	2,707	2,099*	0.0339	0.0469*	2,707	2,099*	0.0339	0.0469*	2,707	2,099*	0.0339	0.0469*	2,707	2,099*	0.0339	0.0469*	2,707	2,099*	0.0339	0.0469*	229.6	
	(2,161)	(1,158)	(0.0231)	(0.0248)	(2,161)	(1,158)	(0.0231)	(0.0248)	(2,161)	(1,158)	(0.0231)	(0.0248)	(2,161)	(1,158)	(0.0231)	(0.0248)	(2,161)	(1,158)	(0.0231)	(0.0248)	(266.2)	
children_2	1,198	371.5	-0.00784	-0.0244**	1,198	371.5	-0.00784	-0.0244**	1,198	371.5	-0.00784	-0.0244**	1,198	371.5	-0.00784	-0.0244**	1,198	371.5	-0.00784	-0.0244**		249.9***
	(1,042)	(550.5)	(0.0110)	(0.0117)	(1,042)	(550.5)	(0.0110)	(0.0117)	(1,042)	(550.5)	(0.0110)	(0.0117)	(1,042)	(550.5)	(0.0110)	(0.0117)	(1,042)	(550.5)	(0.0110)	(0.0117)		(95.65)
male_head_1	1,272	1,410	0.0207	0.0120	1,272	1,410	0.0207	0.0120	1,272	1,410	0.0207	0.0120	1,272	1,410	0.0207	0.0120	1,272	1,410	0.0207	0.0120	156.2	
	(1,617)	(858.6)	(0.0171)	(0.0183)	(1,617)	(858.6)	(0.0171)	(0.0183)	(1,617)	(858.6)	(0.0171)	(0.0183)	(1,617)	(858.6)	(0.0171)	(0.0183)	(1,617)	(858.6)	(0.0171)	(0.0183)	(175.5)	
male_head_2	1,822	1,502**	-0.0210	-0.00734	1,822	1,502**	-0.0210	-0.00734	1,822	1,502**	-0.0210	-0.00734	1,822	1,502**	-0.0210	-0.00734	1,822	1,502**	-0.0210	-0.00734		235.9
	(1,258)	(669.1)	(0.0133)	(0.0143)	(1,258)	(669.1)	(0.0133)	(0.0143)	(1,258)	(669.1)	(0.0133)	(0.0143)	(1,258)	(669.1)	(0.0133)	(0.0143)	(1,258)	(669.1)	(0.0133)	(0.0143)		(217.7)
hhsize_1	-2,485	-2,144	-0.0407	-0.0241	-2,485	-2,144	-0.0407	-0.0241	-2,485	-2,144	-0.0407	-0.0241	-2,485	-2,144	-0.0407	-0.0241	-2,485	-2,144	-0.0407	-0.0241	-104.4	
	(2,512)	(1,343)	(0.0267)	(0.0287)	(2,512)	(1,343)	(0.0267)	(0.0287)	(2,512)	(1,343)	(0.0267)	(0.0287)	(2,512)	(1,343)	(0.0267)	(0.0287)	(2,512)	(1,343)	(0.0267)	(0.0287)	(264.3)	
hhsize_adj_1	372.5	1,304	0.0205	-0.0227	372.5	1,304	0.0205	-0.0227	372.5	1,304	0.0205	-0.0227	372.5	1,304	0.0205	-0.0227	372.5	1,304	0.0205	-0.0227		
	(1,508)	(801.0)	(0.0159)	(0.0171)	(1,508)	(801.0)	(0.0159)	(0.0171)	(1,508)	(801.0)	(0.0159)	(0.0171)	(1,508)	(801.0)	(0.0159)	(0.0171)	(1,508)	(801.0)	(0.0159)	(0.0171)		
hhsize_2	442.6	-14.54	0.000458	0.00425	442.6	-14.54	0.000458	0.00425	442.6	-14.54	0.000458	0.00425	442.6	-14.54	0.000458	0.00425	442.6	-14.54	0.000458	0.00425		-28.32
	(494.1)	(259.0)	(0.00518)	(0.00553)	(494.1)	(259.0)	(0.00518)	(0.00553)	(494.1)	(259.0)	(0.00518)	(0.00553)	(494.1)	(259.0)	(0.00518)	(0.00553)	(494.1)	(259.0)	(0.00518)	(0.00553)		(73.49)
hhsize_adj_2	-1,634	62.66	0.0226	0.0442**	-1,634	62.66	0.0226	0.0442**	-1,634	62.66	0.0226	0.0442**	-1,634	62.66	0.0226	0.0442**	-1,634	62.66	0.0226	0.0442**		
	(1,527)	(808.2)	(0.0161)	(0.0172)	(1,527)	(808.2)	(0.0161)	(0.0172)	(1,527)	(808.2)	(0.0161)	(0.0172)	(1,527)	(808.2)	(0.0161)	(0.0172)	(1,527)	(808.2)	(0.0161)	(0.0172)		
Constant	-7,488***	-2,166*	-0.0352	0.0645***	-7,488***	-2,166*	-0.0352	0.0645***	-7,488***	-2,166*	-0.0352	0.0645***	-7,488***	-2,166*	-0.0352	0.0645***	-7,488***	-2,166*	-0.0352	0.0645***	-601.6**	546.9
	(2,124)	(1,129)	(0.0225)	(0.0241)	(2,124)	(1,129)	(0.0225)	(0.0241)	(2,124)	(1,129)	(0.0225)	(0.0241)	(2,124)	(1,129)	(0.0225)	(0.0241)	(2,124)	(1,129)	(0.0225)	(0.0241)	(271.4)	(402.1)
																						
Observations	5,898	6,070	6,054	6,096	5,898	6,070	6,054	6,096	5,898	6,070	6,054	6,096	5,898	6,070	6,054	6,096	5,898	6,070	6,054	6,096	6,799	6,131
R-squared	0.012	0.017	0.073	0.022	0.012	0.017	0.073	0.022	0.012	0.017	0.073	0.022	0.012	0.017	0.073	0.022	0.012	0.017	0.073	0.022	0.048	0.015
Standard errors in parentheses																						
*** p<0.01, ** p<0.05, * p<0.1																						
